A1	-37.92,55.00	-28.26,60.00	-26.7,55.67	-36.30,50.45	A2
A2	-28.26,60.00	-23.00,62.86	-21.41,58.37	-26.7,55.67	A1,A3,C1
A3 	-23.00,62.86	4.19,76.85	6.16,72.7	-21.41,58.37	A2,A4
A4	4.19,76.85	14.73,82.6	16.16,78.3	6.16,72.7	A3,A5,A6
A5	6.16,72.7	16.16,78.3	18.65,71.5	9.36,66.32	A4
A6	14.73,82.6	36.27,94.52	38.2,90.0	16.16,78.3	A4,A7
A7	36.27,94.52	46.56,100.17	48.1,95.38	38.2,90.0	A6,A8,A9
A8	38.2,90.0	48.1,95.38	50.78,87.38	41.73,82.31	A7
A9	46.56,100.17	75.2,115.44	76.68,110.84	48.1,95.38	A7,A10
A10	75.2,115.44	82.09,120.18	83.91,115.44	76.68,110.84	A9,A11,E1
A11	82.09,120.18	87.5,123.25	89.32,118.22	83.91,115.44	A10,A12
A12	87.5,123.25	95.3,126.79	96.6,123.728	89.32,118.22	A11,A13
A13	95.3,126.79	110.34,135.07	111.20,131.53	96.6,123.728	A12,A14
A14	110.34,135.07	111.97,135.93	113.21,132.73	111.20,131.53	A13,B2
B1	104.21,159.01	109.00,160.97	117.71,139.0	111.97,135.93	B2
B2	111.97,135.93	117.71,139.0	119.24,135.41	113.21,132.73	B1,A14,B3
B3	113.21,132.73	119.24,135.41	145.07,67.27	139.90,64.59	B2,D19
C1	-26.7,55.67	-21.41,58.37	-7.76,19.43	-11.68,18.01	A2,C3
C2	-11.68,18.01	-7.76,19.43	-4.99,12.51	-10.45,9.74	C1,C3
C3	-10.45,9.74	-4.99,12.51	-2.66,9.66	-8.63,5.86	C2,C4
C4	-8.63,5.86	-2.66,9.66	4.00,-7.74	-0.31,-10.37	C3,D2
D1	-9.48,-16.06	-0.31,-10.37	1.57,-15.95	-7.84,-20.75	D2
D2	-0.31,-10.37	4.00,-7.74	6.37,-13.21	1.57,-15.95	D1,D3
D3	4.00,-7.74	18.38,2.84	21.29,-4.60	6.37,-13.21	D2,D4
D4	18.38,2.84	31.72,6.44	33.30,1.87	21.90,-9.28	D3,D5
D5	31.72,6.44	35.25,7.95	37.33,3.95	33.30,1.87	D4,D6,D7
D6	33.30,1.87	37.33,3.95	38.45,-0.07	35.79,-1.43	D5
D7	35.25,7.95	51.72,16.51	53.14,12.18	37.33,3.95	D5,D8
D8	51.72,16.51	53.52,17.71	55.18,13.16	53.14,12.18	D7,D9
D9	53.52,17.71	56.76,19.61	58.45,15.28	55.18,13.16	D8,D10
D10	56.76,19.89	69.96,26.25	71.43,21.94	58.45,15.28	D9,D11
D11	69.96,26.25	83.41,33.09	84.89,29.17	71.43,21.94	D10,D12
D12	83.41,33.09	96.18,40.14	97.95,35.54	84.89,29.17	D11,D13
D13	96.18,40.14	101.97,43.20	103.28,38.52	97.95,35.54	D12,D14
D14	101.97,43.20	104.74,45.0	106.22,39.89	103.28,38.52	D13,D15,E9
D15	104.74,45.0	109.71,47.23	111.29,42.62	106.22,39.89	D14,E9,D16
D16	109.71,47.23	124.28,55.36	126.44,51.15	111.29,42.62	D15,D17
D17	124.28,55.36	134.85,60.93	136.80,56.11	126.44,51.15	D16,D18
D18	134.85,60.93	139.71,63.34	141.51,58.49	136.80,56.11	D17,D19
D19	139.71,63.34	145.07,67.27	146.51,60.97	141.51,58.49	D18,B3
E1	76.68,110.84	83.91,115.44	96.94,77.99	91.63,74.98	A10,A2
E2	91.63,74.98	96.94,77.99	98.60,75.35	92.12,72.19	E1,E3
E3	92.12,72.19	98.60,75.35	101.97,65.39	96.13,62.29	E2,E4,E5
E4	99.92,74.03	107.77,77.30	108.98,73.98	100.97,70.08	E3
E5	94.28,60.39	104.76,65.82	106.92,60.65	96.23,55.39	E3,E6
E6	98.13,55.81	106.71,60.39	107.34,59.02	99.02,54.44	E5,E7
E7	96.92,52.97	107.66,58.44	109.29,53.60	98.81,47.96	E6,E8,E9
E8	92.28,48.28	97.08,50.60	98.08,47.54	93.55,45.28	E7
E9	101.24,48.07	107.03,51.44	108.56,48.01	102.50,44.28	E7,D14,D15
